//- File "./circuits/basic_behaviour/romlists/l31.list" 35-75 [55, 57, 59, 61, 63, 64, 66, 68, 69, 70, 72, 73, 73, 74, 75, 75, 75, 75, 75, 74, 73, 73, 72, 70, 69, 68, 66, 64, 63, 61, 59, 57, 55, 53, 51, 49, 47, 46, 44, 42, 41, 40, 38, 37, 37, 36, 35, 35, 35, 35, 35, 36, 37, 37, 38, 40, 41, 42, 44, 46, 47, 49, 51, 53]
4e
51
54
56
59
5b
5e
60
62
63
66
67
67
69
6a
6a
6a
6a
6a
69
67
67
66
63
62
60
5e
5b
59
56
54
51
4e
4b
48
45
43
41
3e
3c
3a
39
36
34
34
33
32
32
32
32
32
33
34
34
36
39
3a
3c
3e
41
43
45
48
4b
