//- File "./circuits/basic_behaviour/romlists/r11.list" 25-75 [50, 52, 55, 57, 60, 62, 64, 66, 68, 69, 71, 72, 73, 74, 75, 75, 75, 75, 75, 74, 73, 72, 71, 69, 68, 66, 64, 62, 60, 57, 55, 52, 50, 48, 45, 43, 40, 38, 36, 34, 32, 31, 29, 28, 27, 26, 25, 25, 25, 25, 25, 26, 27, 28, 29, 31, 32, 34, 36, 38, 40, 43, 45, 48]
47
4a
4e
51
55
58
5b
5e
60
62
65
66
67
69
6a
6a
6a
6a
6a
69
67
66
65
62
60
5e
5b
58
55
51
4e
4a
47
44
40
3d
39
36
33
30
2d
2c
29
28
26
25
23
23
23
23
23
25
26
28
29
2c
2d
30
33
36
39
3d
40
44
