//- File "./circuits/basic_behaviour/romlists/r32.list" 75-105 [90, 91, 93, 94, 96, 97, 98, 100, 101, 102, 102, 103, 104, 104, 105, 105, 105, 105, 105, 104, 104, 103, 102, 102, 101, 100, 98, 97, 96, 94, 93, 91, 90, 89, 87, 86, 84, 83, 82, 80, 79, 78, 78, 77, 76, 76, 75, 75, 75, 75, 75, 76, 76, 77, 78, 78, 79, 80, 82, 83, 84, 86, 87, 89]
80
81
84
85
88
89
8b
8e
8f
90
90
92
93
93
95
95
95
95
95
93
93
92
90
90
8f
8e
8b
89
88
85
84
81
80
7e
7b
7a
77
76
74
71
70
6e
6e
6d
6c
6c
6a
6a
6a
6a
6a
6c
6c
6d
6e
6e
70
71
74
76
77
7a
7b
7e
