//- File "romlist_prueba.list" [45, 46, 47, 49, 50, 52, 53, 55, 56, 57, 59, 60, 62, 63, 65, 66, 67, 69, 70, 72, 73, 75, 76, 77, 79, 80, 82, 83, 85, 86, 87, 89, 90, 92, 93, 95, 96, 97, 99, 100, 102, 103, 105, 106, 107, 109, 110, 112, 113, 115, 116, 117, 119, 120, 122, 123, 125, 126, 127, 129, 130, 132, 133, 135]
3f
41
43
45
47
49
4b
4d
4f
51
53
56
58
5a
5c
5e
60
62
64
66
68
6a
6c
6e
70
72
74
76
78
7a
7c
7e
80
82
84
86
88
8a
8c
8e
90
92
94
96
98
9a
9c
9e
a0
a2
a4
a6
a8
ab
ad
af
b1
b3
b5
b7
b9
bb
bd
bf
