//- File "rl_leg.list" 69-109 [89, 91, 93, 95, 97, 98, 100, 102, 103, 104, 106, 107, 107, 108, 109, 109, 109, 109, 109, 108, 107, 107, 106, 104, 103, 102, 100, 98, 97, 95, 93, 91, 89, 87, 85, 83, 81, 80, 78, 76, 75, 74, 72, 71, 71, 70, 69, 69, 69, 69, 69, 70, 71, 71, 72, 74, 75, 76, 78, 80, 81, 83, 85, 87]
7e
81
84
87
89
8b
8e
90
92
93
96
98
98
99
9a
9a
9a
9a
9a
99
98
98
96
93
92
90
8e
8b
89
87
84
81
7e
7b
78
76
73
71
6e
6c
6a
69
66
65
65
63
62
62
62
62
62
63
65
65
66
69
6a
6c
6e
71
73
76
78
7b
