//- File "head.list" 45-135 [90, 94, 99, 103, 107, 111, 115, 119, 122, 125, 127, 130, 132, 133, 134, 135, 135, 135, 134, 133, 132, 130, 127, 125, 122, 119, 115, 111, 107, 103, 99, 94, 90, 86, 81, 77, 73, 69, 65, 61, 58, 55, 53, 50, 48, 47, 46, 45, 45, 45, 46, 47, 48, 50, 53, 55, 58, 61, 65, 69, 73, 77, 81, 86]
80
85
8c
92
98
9d
a3
a9
ad
b1
b4
b8
bb
bc
be
bf
bf
bf
be
bc
bb
b8
b4
b1
ad
a9
a3
9d
98
92
8c
85
80
7a
73
6d
67
62
5c
56
52
4e
4b
47
44
43
41
40
40
40
41
43
44
47
4b
4e
52
56
5c
62
67
6d
73
7a
