//- File "rl_leg.list" 70-110 [90, 92, 94, 96, 98, 99, 101, 103, 104, 105, 107, 108, 108, 109, 110, 110, 110, 110, 110, 109, 108, 108, 107, 105, 104, 103, 101, 99, 98, 96, 94, 92, 90, 88, 86, 84, 82, 81, 79, 77, 76, 75, 73, 72, 72, 71, 70, 70, 70, 70, 70, 71, 72, 72, 73, 75, 76, 77, 79, 81, 82, 84, 86, 88]
80
82
85
88
8b
8c
8f
92
93
95
98
99
99
9a
9c
9c
9c
9c
9c
9a
99
99
98
95
93
92
8f
8c
8b
88
85
82
80
7d
7a
77
74
73
70
6d
6c
6a
67
66
66
65
63
63
63
63
63
65
66
66
67
6a
6c
6d
70
73
74
77
7a
7d
