//- File "yl_leg.list" 65-115 [90, 92, 95, 97, 100, 102, 104, 106, 108, 109, 111, 112, 113, 114, 115, 115, 115, 115, 115, 114, 113, 112, 111, 109, 108, 106, 104, 102, 100, 97, 95, 92, 90, 88, 85, 83, 80, 78, 76, 74, 72, 71, 69, 68, 67, 66, 65, 65, 65, 65, 65, 66, 67, 68, 69, 71, 72, 74, 76, 78, 80, 83, 85, 88]
a3
a3
a3
a2
a0
9f
9d
9a
99
96
93
90
8e
89
87
82
80
7d
78
76
71
6e
6c
69
66
65
62
60
5f
5e
5c
5c
5c
5c
5c
5e
5f
60
62
65
66
69
6c
6e
71
76
78
7d
80
82
87
89
8e
90
93
96
99
9a
9d
9f
a0
a2
a3
a3
