//- File "rr_leg.list" 72-112 [92, 94, 96, 98, 100, 101, 103, 105, 106, 107, 109, 110, 110, 111, 112, 112, 112, 112, 112, 111, 110, 110, 109, 107, 106, 105, 103, 101, 100, 98, 96, 94, 92, 90, 88, 86, 84, 83, 81, 79, 78, 77, 75, 74, 74, 73, 72, 72, 72, 72, 72, 73, 74, 74, 75, 77, 78, 79, 81, 83, 84, 86, 88, 90]
82
85
88
8b
8e
8f
92
95
96
98
9a
9c
9c
9d
9f
9f
9f
9f
9f
9d
9c
9c
9a
98
96
95
92
8f
8e
8b
88
85
82
80
7d
7a
77
76
73
70
6e
6d
6a
69
69
67
66
66
66
66
66
67
69
69
6a
6d
6e
70
73
76
77
7a
7d
80
